385.01 531.54 -1645.49
196.48 54.61 434.02
-397.78 -16.78 -882.43
179.4 -17.74 1038.06
-318.18 628.07 -309.35
-223.61 581.44 -925.01
154.6 439.72 -47.28
340.37 122.16 487.04
17.49 493.2 -372.89
-162.92 216.74 -968.79
530.47 263.5 -1594.26
169.3 -73.29 -1153.7
402.11 200.96 -1268.53
-350.19 298.01 -454.86
239.59 523.32 -674.45
-199.19 420.54 -215.64
112.32 518.85 -372.71
-176.44 62.54 415.66
-230.86 288.4 -497.61
193.94 240.41 107.36
499.77 303.33 -1768.68
568.27 590.59 -548.52
184.03 363.02 111.8
-146.89 421.93 -122.43
337.09 -75.44 -71.36
376.98 664.24 -1001.13
186.17 279.54 -635.48
-247.4 478.83 -275.25
-429.7 210.5 290.71
-351.63 212.51 -984.61
90.96 213.86 -365.22
-704.57 227.4 -42.75
191.51 136.22 -789.04
151.56 151.79 -63.6
-94.75 -71.8 1481.92
-695.46 467.18 107.91
402.82 129.39 714.55
935.86 66.84 916.19
-151.19 158.68 -191.99
64.44 612.97 -408.73
208.24 799.33 -249.06
-136.85 -6 42.08
-108.2 4.84 -19.84
-231.63 172.76 -666.25
-212.28 169.57 1263.47
314.41 624.54 -1525.21
266.85 140.72 -797.52
115.73 260.73 -139.12
-530.48 185.84 288.03
276.88 364.13 354.47
-308.52 39.75 -577.47
-193.74 351.22 -399.17
22.94 190.99 -810.71
113.68 151.69 -918.41
68.53 212.52 459.64
289.04 242.72 -28.68
750.81 198.48 -262.24
243.9 205.9 -1353.28
-219.26 358.55 129.06
260.92 379.17 -43.65
-454.21 202.97 -730.43
105.65 441.74 -416.31
450.17 423.13 211.26
-230.2 394.47 -1079.79
-50.85 70.67 -330.82
372.59 239.61 1143.99
-348.38 -22.93 -1858.24
232.78 216.94 -474.7
-84.64 92.57 49.27
-56.15 363.79 -1897.84
-27.3 115.25 -149.33
-6.89 558.12 -1078.16
58.42 138.19 -46.25
148.42 315.54 -1088.95
352.07 98.89 -228.34
55.07 143.33 1010.29
314.61 346.38 985.96
127.25 289.92 -422.83
-241.85 210.26 200.47
430.03 367.74 -98.44
265.93 674.88 -1521.11
-48.36 251.35 -899.8
273.81 199.22 371.43
36.44 296.52 -665.63
-26.43 378.31 -24.47
80.7 340.49 -102.99
-111.57 310.49 -194.83
409.93 327.55 -115.6
341.23 290.99 -718.14
130.11 457 -271.91
24.29 -20.17 324.39
103.52 356.82 -1055.18
-20.61 197.29 1673.73
-111.83 356.89 1154.92
-445.88 187.74 -169.26
115.55 188.68 426.25
543.11 218.94 -239.76
89.72 174.41 -450.41
-333.73 338.58 -911.7
-259.48 531.53 -224.36
-16.66 -846.75 41.27
-599.77 -255.34 1808.44
-487.17 -314.28 -589.05
-312.69 -505.05 -1801.69
-779.05 -257.62 -297.71
-776.99 65.09 -1211.42
-610.89 -1083.61 -25.07
-146.29 714.37 -414.01
-39.48 129.5 -861.38
-427.3 -839.79 841.12
-593.67 866.07 -292.52
-167.75 55.25 259.28
-178.7 273.09 -499.74
-596.15 -436.51 364.64
-351.2 745.4 371.49
-172.02 167.5 -1411.86
-904.3 -126.96 -626.8
-593.44 -371.14 842
-490.4 -60.26 783.37
-580.22 -349.16 741.15
-1245.71 361.01 -63.38
-1302.7 -415.24 -909.35
-130.17 404.59 71.47
-937.89 274.22 -1717.53
-624.52 -647.41 994.85
-752.87 54.47 -7.04
-111.23 -353.12 -446.43
-552.42 -13.58 379.73
-18.57 169.04 -1834.04
-361.78 -320.55 -809.85
-709.43 -451.18 -1227.02
-142.08 -272.89 -787.49
-155.6 252.58 -1563.5
-157.99 358.27 -1174.07
-1272.36 -122.86 -1330.74
-1165.92 -251.21 -507.27
-343.39 -98.69 -75.18
-393.72 -109.95 -529.81
-1168.24 -799.9 -1231.72
-1172.58 94.28 -1821.87
-448.98 14.65 -1289.03
353.46 544.81 -795.54
-481.38 222.72 396.56
-489.42 -173.55 -856.16
-347.72 -341.76 1886.73
-879.05 554.23 1752.47
403.82 -138.92 -246.96
-23.2 358.09 1332.22
-431.57 381.24 -238.77
-44.74 -388.39 -264.67
-300.71 -71.24 1372.34
-274.29 -632.31 -896.14
-98.31 110.59 -125.42
-13.48 102.63 -467.03
-621.11 -464.92 -553.15
191.93 -56.18 -876.25
-166.08 -48.23 1903.16
-1189.3 -128.65 581.55
-885.21 -909.56 -776.43
-518 1044.44 -330.64
-65.5 248.34 -686.07
-601.24 -4.19 -217.38
-658.76 285.41 -1973.65
-613.65 359.16 -969.32
312.29 -315.6 -681.84
-269.47 -576.36 -1810.37
-437.17 -329.81 290.53
-1091.33 75.55 -1372.39
-72.37 28.14 -964.35
-462.99 410.2 -280.59
-424.01 -59.41 -1108.07
-220.47 737.31 -590.44
-610.2 -490.84 347.01
-811.65 -481.51 -1874.08
-358.99 224.82 1885.25
74.89 3.41 271.32
152.3 -826.77 -868.79
619.84 268.41 190.5
-698.26 450.25 -524.91
350.88 227.7 102.04
-1036.5 -55.17 121.44
-1276.87 -168.98 691.27
-774.62 -446.07 -93.49
-136.6 -231.68 -978.87
-192.07 95.26 -1852.21
-561.18 230.59 134.7
-415.69 737.36 -270.5
4.23 548.18 -213.33
135.37 47.29 379.98
-577.77 103.09 -495.59
-275.55 -73.4 617.5
-732.25 132.22 -2061.31
-850.05 370.8 -954.32
-485.28 -147.59 1254.41
-606.17 -109.19 1731.56
-202.52 62.97 995.69
-365.32 -112.9 -1628.1
-789.78 -536.51 -1300.64
-538.12 -428.36 -1930.28
-623.28 233.22 540.28
803.45 521.64 304.92
-51.9 -448.6 -134.84
75.1 -937.07 339.5
-48.85 200.37 301.95
831.02 216.31 292.18
425.41 -345.67 233.99
226.75 -863.58 132.24
653.43 559.37 434.94
-444.92 -335.02 214.12
245.27 -516.11 217.91
878.99 249.01 454.09
-153.14 -304.61 486.51
660.52 -175.52 -34.2
39.82 304.48 441.13
965.27 136.94 142.67
-889.99 -644.28 552.18
-550.67 -388.3 223.78
815.56 -619.85 236.46
418.31 -869.66 189.68
-162.94 71.55 495.76
113.51 -1036.68 357.36
898.72 -529.58 94.4
-184.94 -142.96 129.95
-305.44 -350.24 469.06
-357.29 -338.66 511.66
972.4 -713.91 430.21
300.07 -676.07 395.26
-465.61 -833.25 62.22
362.08 100.4 82.8
-20.55 -739.93 190.36
-69.14 -1037.27 474.55
476.03 -596.71 531.35
712.79 -153.92 335.97
579.41 379.42 526.69
-580.9 -503.24 371.02
663.36 -56.19 360.76
349.3 -1090.1 151.97
437.6 47.9 348.57
1038.89 -260.94 287.48
194.39 -111.37 -62.36
788.99 -167.16 278.02
-199.37 156.67 337.59
327.14 -391.23 302.82
185.22 -493.02 151.93
373.62 -819.91 29.13
630.97 -729.76 42.78
-9.03 -582.63 306.84
934.3 -1011.83 230.63
943.17 -969.8 365.99
-69.41 -349.19 145.97
-621.89 -1631.68 327.67
-457.82 27.01 379.28
655.35 -544.66 429.38
-250.19 -210.51 258.98
-210.47 -1172.85 221.88
41.34 -769.43 316.19
64.27 -572.21 218.12
400.13 -1029.41 408.67
161.92 -1206.96 85.95
147.06 -215.4 202.4
638.37 -477.26 362.15
293.91 -470.24 211.33
-164.53 -689.21 229.26
-540 -271.97 542.83
-171.09 -405.01 289.89
144.48 -452.13 -55.29
27.42 -252.25 382.44
177.79 -445.08 413.79
346.15 -538.7 216.32
617.15 -258.41 145.29
183.65 -620.8 234.28
-101.75 -628.34 607.25
966.33 -63.65 209.39
430.93 -482.36 216.3
576.35 -471.94 110.39
633.52 -949.81 80.45
244.27 -373.12 346.57
-605.24 -206.14 300.52
-73.33 -502.37 163.6
1181.68 234.87 325.87
-630.21 -126.35 -37.94
78.01 -408.62 381.95
866.61 -496.52 268.51
327.53 -404.7 397.71
908.92 -794.39 78.52
950.54 -359.52 602.62
-35.94 -691.31 298.58
401.58 -691.16 -20.59
466.53 247.66 237.49
1345.5 -772.2 268.28
-482.47 -256.32 97.39
-243.85 -272.52 289.01
217.14 -891.96 558.21
1159.99 -317.97 374.16
907.38 -445.91 413.68
499.29 -581.64 263.41
96.66 194.87 365.64
-210.49 -271.43 433.57
-233.25 -578.31 95.75
1024.41 -642.9 309.32
-305.54 -141.5 -2070.6
41.57 -59.01 -1252.3
88.1 112.52 238.07
163.09 1.97 2388.05
23.45 67.72 343.77
468.33 -39.83 323.21
-29.64 -34.04 580.21
-194.62 -1.38 -570.55
-75.02 4.71 769.01
9.29 42.53 2524.13
-107.22 -109.71 -237.88
95.95 41.7 -49.79
77.52 -12.4 2062.1
415.65 -18.14 -419.36
409.21 -180.55 2546.91
320.38 62.14 -953.2
169.01 -83.98 -74.06
310.36 2.78 512.98
22.31 -84.46 779.65
-181.98 39.1 -65.95
-222.76 -102.65 793.17
78.87 104 -159.31
6.49 14.64 1280.08
139.65 44.77 1418.2
-187.58 -19.97 541.21
133.1 -261.68 587.21
225.12 -11.57 221.89
-53.84 -179.27 -528.03
-64.81 24.76 -727.47
562.26 58.01 1444.54
143.87 65.52 1528.48
-128.33 -56.29 2546.59
-361.58 83.22 597.05
-153.31 15.88 -453.84
-15.46 -35.25 1115.26
296.68 -102.96 1564.5
-99.76 -20.86 1652.1
-207.11 34.79 1455.84
305.8 -161.39 -1371.97
-98.72 -78.74 413.49
30.56 -80.13 1518.44
-44.07 -45.33 1018.18
-150.27 -23.48 -1063.03
51.76 0.44 -183.19
129.34 68.31 -724.95
-12.35 44.16 1682.34
322.94 -134.91 -1207.22
-155.6 25.02 878.44
369.06 18.93 -123.41
72.25 104.55 537.92
-161.85 11.26 469.91
144.65 -117.17 2328.45
28.74 17.17 -1608.24
239.36 8.52 -1518.01
-50.27 -73.6 293.88
-144.67 -15.82 -906.19
-165.89 50.65 284.99
-141.99 0.85 351.9
-191.56 2.59 1479.44
62.43 -73.64 -300.95
-71.33 116.29 729.09
410.92 8.68 345.68
-307.83 -35.33 -184.83
43.74 -167.93 1315.71
-42.96 -11.24 643.37
-143.13 28.43 1953.9
-150.04 -31.83 110.13
-40.07 -188.27 339.06
382.47 -15.21 1544.08
73.91 -51.13 784.26
313.47 -74.43 -601.29
-186.56 -112.54 102.56
121.56 -168.38 932.66
291.72 -20.58 1066.35
114.11 -142.12 349.09
-274.79 -53.12 1050.79
138.88 6.18 1746.55
-2.5 -22.19 2285.1
97.55 79.95 4.4
-146.82 -31.38 535.98
346.22 34.2 1229.14
-95.79 -47.68 1297.45
-33.13 7.46 -518.53
44.74 -120.13 560.65
137.04 -4.32 1035.54
241.75 44.21 741.9
-58.27 -122.46 237.33
13.65 -35.9 -314.03
66.01 -84.8 1102.99
90.6 -32.95 773.19
10.39 -39.19 584.02
165.7 -198.85 664.51
-324.78 37.22 -735.91
288.37 -119.55 -216.63
372.04 94.99 1477.06
164.82 -139.82 2245.13
-349.87 38.71 1903.69
-357.25 118.76 -28.5
19.58 -18.46 -1702.41
98.42 -44.25 115.86
115.37 -226.52 -443.72
-431.08 2.53 -618.65
-4.19 -439.6 -57.47
-106.98 -234.61 -366.98
-364.53 -26.7 234.19
117.29 30.85 -553.76
142.67 -387.19 -390.08
26.23 -590.51 185.04
235.92 -481.01 -203.8
121.8 -68.82 395.83
-262.86 -447.57 -230.23
-91.02 -415.14 -268.32
320.82 -602.13 -1243.56
-399.79 -228.93 -1091.46
-230.76 64.76 -326.25
-99.67 -290.22 -301.57
92.51 -431.18 145.76
482.4 -504.35 -589.99
-187.85 -353.96 -81.44
-399.75 -326.54 -364.64
177.45 -654.64 318.46
169.99 -300.36 387.45
-93.12 -131.97 -1097.76
-343.06 -321.19 112.04
-132.19 -76.98 -617.36
-106.45 -162.87 -674.45
-92.06 -418.14 -847.97
-222.7 -154.23 -507.02
-134.41 -627.35 449.69
-52.53 -250.6 -815.9
32.55 -441.45 170.49
-113.49 -230.67 34.11
-306.66 -116.53 -306.84
20.74 -322.77 -514.26
115.32 -678.6 584.87
-108.91 22.91 -535.37
-252.89 -572.23 -221.02
-13.98 -298.3 -375.56
-71.62 -459.49 -24.81
219.39 -579 -745.46
115.49 -399.96 -686.83
-242.94 -526.77 -379.13
51.9 -781.08 -171.15
-39.13 -572.08 -241.44
-68.52 -792.46 -721.84
-195.67 -467.53 -271.17
-198.08 -415.35 111.84
-211.61 -657.28 -719.81
-53.74 -542.83 -1084.05
213.46 -416.51 -689.59
-91.68 -459.09 -652.03
-179.88 -283.8 306.79
-156.28 -361.56 344.59
-402.95 -657.47 -255.17
-358.34 -288.98 -465.67
-148.24 -290.08 -518.39
309.51 -188 -346.72
-25.03 -549.65 -927.02
-106.17 -467.44 -520.97
-431.55 -427.21 -339.8
-196.51 -359.6 -393.56
-457.19 -251.11 457.11
-112.85 -452.65 -967.62
-264.38 -486.32 -392.99
-411.81 -298.81 -58.43
-371.49 -506.27 -530.34
-205.07 -431.04 -1207.2
145.1 -309.98 -464.46
-59.49 -304.24 -291.31
-88.26 -401.57 -1130.96
91.31 -64.98 109.07
-447.3 -383.46 -439.22
-164.66 -541.57 -798.54
-302.97 -436.6 -472.53
119.36 -750.43 353.93
-295.33 -393.9 264.16
125.87 -201.62 -617.95
165.92 -648.23 -889.6
-196.52 -78.92 783.08
-24.32 -0.87 -316.58
-167.93 -220.71 -644.74
34.89 -493.61 -29.61
-61.37 -408.55 -337.7
-47.33 -677.55 -150.84
-137.57 -620.58 -790.02
243.28 -582.45 -488.18
137.48 -364.39 -714.23
-37.38 -234.51 754.35
309.79 -206.55 -347.36
-214.65 -605.21 -163.63
-214.41 -461.5 -650.63
-332.3 -98.43 -130.36
-101.41 -599 -422.2
-63.64 -294.29 -347.78
154.98 -350.16 -790.01
-373.3 -410.38 -492.42
48.3 -189.53 -425.52
1.02 -536.99 -377.52
26.57 -225.57 -431.18
-226.73 -570.76 -1280.16
433.48 -441.4 0.62
140.86 -352.62 691.03
254.25 -458.15 -276.25
362.34 -260.58 -484.32
389.95 -163.59 50.86
410.06 -453.22 -451.49
-493.16 -496.18 -292.42
79.74 -379.31 461.14
33 -575.8 202.09
373.14 -503.1 -119.51
-123.31 -597.97 1323.89
-341.44 -510.11 1255.63
465.5 -548.91 693.62
-108.93 -401.12 1954.02
-313.44 -436.21 784.84
-189.42 -419.18 1044.37
-252.08 -294.39 523.99
609.49 -375.35 1138.67
540.07 -566.01 1307.56
-860.76 -609.43 194.39
322.18 -330.32 1938.77
-67.66 -305.11 -231.13
-186.49 -231.8 -182.72
285.94 -145.18 622.48
106.02 -324.37 -1087.46
53.5 -511.35 -55.98
-413.99 -460.13 1112.43
720.65 -346.39 253.22
196.93 -297.69 527.09
-37.96 -482.14 705.38
-210.57 -652.23 1469.85
-90.43 -299.45 1859.35
158.16 -432.07 -572.21
378.99 -238.46 1702.06
110.16 -581.71 -394.6
200.11 -177.01 -918.07
-540.33 -473.49 1190.53
522.2 -614.39 156.89
335.68 -244.85 -201.36
126.5 -389.41 719.67
-366.54 -223.79 292.36
516.2 -400.47 -870.6
296.42 -438.8 1074.82
382.92 -346.21 917.93
416.73 -85.74 1017.04
-141.36 -358.94 187.64
-231.38 -388.62 -5.51
104.16 -381.96 12.44
-155.62 -324.78 -208.86
500.83 -298.47 570.87
78.96 -224.21 -655.51
-4.32 -388.76 -285.44
-13.16 -431.89 322.07
294 -323.85 433.36
65.48 -427.99 -644.46
-1.99 -384.89 111.99
91.94 -374.94 1064.52
-504.69 -391.28 49.91
461.11 -429.65 1512.22
-334.09 -371.07 1011.64
-169 -287.36 793.87
245.83 -411.3 442.18
-551.7 -449.33 2116.03
-238.7 -338.07 304.35
343.53 -262.45 238.37
-154.89 -77.85 1194.39
-389.46 -333.31 605.78
415.45 -426.11 -2.6
171.76 -431.28 1735.75
178.75 -740.89 852.26
453.96 -386.88 666.03
118.56 -462.8 724.5
-198.97 -563.73 1019.83
97.26 -402.81 442.78
213.07 -410.89 1173.42
-180.62 -276.03 1742.53
367.52 -509.75 792.44
-34.49 -403.04 991.53
166.32 -482.15 1446.18
319.22 -363.42 1225.97
278.18 -443.59 1399.51
91.93 -398.73 1434.94
505.25 -143.81 985.15
172.43 -356.34 610.46
-599.08 -428.8 1877.86
644.22 -564.16 56.59
410.15 -492.7 227.28
-391.65 -411.33 574.49
-399.49 -270.51 1575.96
480.68 -511.08 18.56
-54.52 -278.97 950.38
45.98 -289.2 541.54
70.93 -249.76 -829.69
-445.38 -452.48 798.56
-387.11 -494.83 404.63
-368.31 -332.13 -564.97
-174.41 -403.23 -588.21
-521 -402.96 739.12
204.41 -655.54 805.71
185.27 -500.15 -45.35
-125.04 -456.59 622.81
-190.49 67.12 -687.86
-369.27 81.28 383.88
-265.15 826.41 103.94
101.39 190.59 -104.72
269.37 -25.43 -320.31
-29.85 1098.81 499.45
225.56 168.47 -154.29
-106.9 735.21 248.46
-13.82 983.05 646.67
-36.68 -93.79 138.78
417.14 396.22 684.01
-517.25 874.53 -80.39
211.53 476.84 -395.67
-9.58 376.65 55.7
331.71 -505.69 -213.35
-99.75 625.06 129.56
213.7 570.04 267
-93.76 185.86 -48.45
368.89 931.66 548.1
-320.88 385.43 937.74
535.4 -604.61 209.59
-171.07 383.88 146.42
119.4 253.81 506.69
155.46 121.56 -432.88
327.24 307.41 149.41
-346.86 1558.58 -526.98
70.68 274.91 -838.48
64.35 384.79 22.48
-228.74 914.3 556.73
362.03 1239.47 -142.88
14.63 515.62 13.98
-328.44 401.07 -191.58
15.22 86.91 419.86
-112.55 979.12 -281.84
-288.15 718.66 -101.64
223.69 -131.19 871.65
101.64 894.82 195.71
-102.66 1258.51 -141.67
217 -17.28 645.07
-154.28 340.76 566.75
-279.91 1132.45 323.59
-56.88 718.86 -1.94
129.51 989.2 -569.24
58.56 756.63 344.09
-201.08 1360.25 221.48
35.18 879.56 265.87
-144.51 1160.08 275.32
-186.6 522.99 -114.37
-124.83 179.61 344.82
-383.58 1318.28 -768.88
-460.01 405.15 941.89
-172.48 547.23 -407.93
-37.63 484.12 265.74
-284.29 241.41 89.82
-47.24 1175.95 426.88
-436.87 1285.65 465.78
262.82 894.33 366.48
-308.93 165.03 48.7
179.65 605.97 168.6
97.6 1540.43 -246.84
288.18 663.9 366.62
58.94 -794.47 -133.03
-115.88 477.86 17.62
262.84 452.43 -59.5
-38.14 640.75 314.39
454.56 939.97 60.14
-295.68 1399.97 626.96
383.37 250.77 -162.14
-61.83 960.78 298.75
104.92 -390.37 4.05
-132.53 220.08 -672.96
-321.29 -254.72 -22.99
158.13 363.32 214.86
256.14 1140.16 486.71
24.4 773.43 -507.75
354.96 -386.74 492.66
-32.68 13.95 -593.45
-191.2 489.1 -176.89
-209.81 251.6 841.1
-233.32 -107.05 -14.75
-164.04 -62.76 -40.3
-336.34 1513.26 -115.68
-300.51 -264.55 366
154.75 288.21 509.48
-100.43 -61.41 -107.53
166.35 691.79 1049.4
-104.57 782.13 143.08
689.75 1196.81 -221.18
-269.01 309.09 100.12
121.25 619.22 -16.66
137.72 10.16 -39.92
-293.53 473.09 -602.3
298.37 178.56 -120.93
130.04 -977.01 -118.04
-227.69 85.6 963.43
-29.15 1130.51 574.36
269.95 636.21 725.17
-51.43 579.87 174.41
91.61 411.09 238.97
998.46 74.18 898.85
1228.76 -2.07 944.07
739.13 -362.36 341.69
-113.09 -4.62 -756.97
470.54 -509.57 966.38
473.57 -752.81 815.43
643.11 -546.53 -761.38
-391.85 -818.99 966.23
486.11 -607.9 461.53
71.2 -407.83 -147.88
232.04 -523.61 375.9
-200.55 -369.41 -380.74
987.78 -446.12 -276.92
414.53 -238.72 805.62
351.98 -411.6 1268.73
822.25 -411.05 1331.18
114.57 -598.36 1657.27
-83.53 -853.41 319.89
-386.81 -578.69 1216.07
249.36 -506.8 584.77
59.92 -903 774.51
402.45 -567.29 -290.74
1467.04 -251.85 449
229.75 -415.37 -64.89
490.49 -408.19 75.9
697.25 -662.92 -395.44
1153.44 322.41 1912.67
-780.11 -615.25 307.05
380.4 -55.2 -321.74
266.72 -411.1 447.01
521.58 -181.85 -185.23
1126.67 -35.71 524.34
323.63 -510.34 431.4
-445.35 106.68 -6.43
568.07 -198.48 -405.38
-57.32 -840.29 1459.38
-19.47 -501.8 722.31
567.78 169.11 585.31
200 -928.42 -72.02
661.77 -727.99 -848.98
-85.38 -432.47 -1215.09
-293.62 -868.17 -843.83
624.6 -893.97 518.6
297.12 -270.87 -493
414.37 -577.77 952.15
823.6 -403.62 386.06
1098.9 -415.82 178.12
797.69 -328.32 776.76
222.22 -897.74 -55.43
-952.87 -78.56 623.35
55.56 69.07 590.74
528.42 -888.93 -48.27
-489.59 -188.38 521.23
-73.68 -208.69 190.52
65.45 -446.53 1729.45
697.83 -519.31 798.19
-76.01 -468.1 -469.66
-42.83 -743.04 1392.89
709.9 -377.08 224.46
1080.85 -471.78 -352.98
521.14 -89.16 704.18
37.36 -402.54 -806.22
111.93 -488.6 825.99
804.5 -906.17 1887.06
1319.74 -118.37 287.56
226.02 -696.24 -203.98
-153.72 -958.33 338.62
1143.49 -917.79 432.58
220.5 -219.42 1090.43
163.89 -586.69 258.9
1462.18 -605.82 -459.64
-43.04 -619.19 850.12
-279.87 216.54 1031.4
503.09 -149.77 -442.94
-247.36 -105.52 463.58
385.16 -781.77 225.84
284.81 -347 1539.62
181.66 -526.06 -148.93
1102.75 -779.74 -501.87
1284.76 -385.22 523.76
498.04 -393.86 -150.42
-240.95 -648.13 111.64
703.6 85.16 -673.45
731.72 -409.01 1210.12
-114.85 284.33 446.02
482.71 -590.6 -588.81
-618.26 -1036.8 518.33
-1385.9 -689.5 1233.14
-597.12 168.21 0.32
-260.35 1.4 204.79
1198.67 -747.41 -93.82
-17.49 151.99 251.71
-189.02 -168.22 -238.15
-172.7 -406.32 1122.16
446.7 -607.74 159.82
41.36 -315.25 273.98
239.39 -473.83 -190.2
1134.44 -532.57 974.4
-256.96 -1079.35 -177.69
555.12 -529.26 1001.6
-1389.09 -561.71 -992.9
-1139.83 205.74 202.75
-975.03 181.09 -534.52
-128.29 -511.23 -2495.08
-555.89 436.85 -1081.71
-1350.91 -79.44 -1066.47
1181.72 111.82 -1899.86
-1079.32 125.79 -674.28
-683.59 -292.62 892.08
-117.93 -189.42 -823.69
-1909.12 -855.09 -1176.67
-502.68 -519.91 964.58
-45.37 -741.58 -1483.19
-1031.35 -702.49 320.91
2176.67 -477.75 -1467.09
21.56 -546.33 -327.28
-1292.54 -1058.17 -653.53
-712.42 -337.5 -2451.98
-223.12 -109.68 522.06
-564.6 156.3 -671.77
554.98 334.83 -276.92
-757.95 59.8 -579.74
-790.79 -474.84 -1085.46
-738.12 -544.94 393.31
363.43 -154.58 -1568.71
1277.55 -186.36 2036.85
230.05 -450.11 -1597.21
-792.9 123.06 -620.87
-754.07 -612.45 21.53
118.76 51.26 409.57
-1513.95 -190.77 -997.48
-183 -879.52 -106.33
-451.8 -402.95 -902.98
190.74 -214.49 -1372.4
-47.79 604.14 -519.18
-1089.25 208.7 655.59
-543.84 -772.98 -557.13
9.93 95.09 579.67
-563.09 -161.38 -1295.2
-1572.89 -819.73 194.78
-320.76 311.63 1177.52
1410.95 154.57 -491.62
-842.77 -391.43 -1385.8
-1989.6 -546.92 -1388.78
-629.22 -360.72 276.35
224.85 -795.56 629.32
-1162.49 -830.49 -764.77
-1537.01 -351.62 -530.36
-2101.34 -211.69 1001.2
-381.28 -283.36 59.59
728.79 -110.76 -1169.4
64.77 -106.48 -1623.13
-845.52 -356.34 329.66
-172.87 461.75 924.08
102.78 -652.48 -1057.49
-852.06 -164.01 -667.47
690.29 446.86 -1267.44
-205.41 -11.01 -1624.03
-1271.58 -199.89 164.03
159.98 713.88 -1130.46
-181.46 352.56 -1811.61
-128 349.54 2354.57
-1783.2 104.02 -1764.38
1608.32 -286.64 -1662.72
-634.84 395.56 -952.85
-300.19 71.26 -1509.28
210.93 -408.98 612.1
672.51 145.59 -2323.32
-514.56 201.86 -1150.3
-197.93 -523.56 179.6
874.5 -547.59 243.08
-381.43 282.07 -965.61
-5.26 -238.95 1255.97
732.89 -15.84 -1474.93
-135.64 -270.23 506.46
682.91 -742.74 -1668.07
-919.19 -803.7 -292.49
-2481.56 -22.26 263.68
-287.99 -268.75 -1442.46
-949.03 458.46 -149.85
791.06 460.96 -590.46
-664.32 78.96 81.77
-1336.71 319.8 202.29
934.06 -515.58 -629.23
-297.69 521.54 -885.89
-48.22 516.88 -599.38
-248.15 -191.32 -1275.47
-240.54 -252.15 -56.42
-327.7 -313.59 -652.33
-1172.33 167.38 -777.69
57.73 -163.64 -478.51
-697.38 -576.51 -591.26
-865.88 -484.83 -699.66
-394.37 618.75 -1120.21
-931.47 -128.4 -247.99
-1736.65 -184.77 -663.88
-1481.88 -796.87 -381.83
266.08 -72.65 1853.29
272.22 -84.1 273.94
-385.4 334.88 246.65
-297.63 -1149.1 -141.33
-107.83 -324.36 1157.18
386.34 -1286.2 570.88
193.61 121.13 -494.68
98.93 -646.86 -10.93
107.73 4.36 -6.75
94.44 -700.87 -204.3
119.84 -22.31 879.32
223.84 -501.78 162.58
288.06 -462.61 77.38
-114.45 -1340.95 1595.35
263.47 -569.97 171.77
103.18 -114.7 734.17
-8.3 -1323.68 678.14
343.54 -166.79 288.56
-262.43 -417.54 550.97
416.5 -286.94 523.2
280.02 537.08 1189.64
48.51 -1600.3 72.68
381.12 -1213.98 -182.31
15.07 -419.44 1398.99
3.58 -949.94 2190.42
129.02 -909.6 1297.35
331.17 -1549.35 1178.62
276.23 -1029.64 601.17
199.26 -717.58 698.94
212.9 -987.71 -916.94
216.35 -851.32 -247.4
273.57 -861.05 635.33
204.58 -1090.86 467.35
62.51 -1342.5 -762.24
527.42 -519.89 -122.17
311.49 -1106.81 -595.87
95.92 -359.54 -830.95
11.3 -436.7 2308.95
118.6 -638.25 -1022.72
20.89 -377.5 -390.68
78.84 -482.02 294.52
189.51 -778.63 164.83
378.81 -237.3 -438.78
42.34 -911.38 -646.19
169.21 -102.91 1499.01
-70.4 83.13 1065.24
113.29 491.32 -1157.38
5.15 -648.43 -496.86
-6.54 -622.59 227.12
132.9 -374.36 633.57
71.28 -115.74 325.15
-56.17 -904.42 -363.99
310.54 -847.28 875.75
376.85 -259.69 892.77
57.21 524.47 -234.23
345.64 -207.83 1148.65
173.93 -456.92 488.95
437.73 -15.33 833.25
90.9 -293.72 693.22
154.69 -255.94 -263.82
289.42 619.77 583.32
116.57 -9.68 -198.59
240.64 47.7 78.94
15.17 75.03 525.92
89.49 -187.99 1187.94
226.7 -794.77 330.83
196.94 -326.72 1847.93
22.31 -524.85 -394.75
146.9 -710.16 1421.54
-112.99 -1337.07 995.65
96.93 -234.97 647.31
-83.94 668.08 -595.55
193.04 -1204.72 -73.15
329 -642.02 1253.24
188.08 -346.19 1394.13
266.35 -768.75 -889.39
133.68 -339.12 -26.26
37.52 -1019.42 726.38
264.46 472.24 973.2
-12.44 -945.6 819.42
-192.66 -81.81 55.6
284.84 -1031.85 80.78
369.33 -794.49 332.64
-9.26 251.76 150.91
52.42 313.55 1602.91
29.32 -396.35 712.77
56.93 -1668.54 -1491.5
508.26 -97.25 -295.08
267.63 -684.43 -278.95
503.45 -1071.99 863.45
70.88 -851.59 -723.58
-18.89 -961.51 324.26
189.04 -1611.44 103.23
-37.6 -70.05 970.63
216.36 292.55 400.37
141.41 -1231.52 -912.37
-105.62 723.56 191.41
-114.57 144.18 -726.67
551.22 -1395.83 915.57
265.31 -439.9 -100.81
80.12 -58.74 1921.87
24.6 -647.72 800.56
295.04 -572.36 367.47
